SNOMEDCT code, source_aui pairs that are missing (in particular, the source_aui is missign)
134209002					   513786019
190818004					   574447010

SNOMEDCT codes that are missing
10386005|
10400001|
111226000|
111685009|
111686005|
111688006|
111726004|
111804008|
111918002|
1132002|
11733000|
11976008|
11991005|
12311002|
127219007|
134154009|
134155005|
134156006|
134158007|
134165004|
134166003|
134169005|
134170006|
134178004|
13888000|
14939006|
1508000|
15314004|
16092000|
16810008|
170852008|
1715006|
17205007|
17435002|
17466008|
17772007|
17976000|
18254003|
18338004|
18572008|
187061004|
187162009|
187173002|
187242009|
187852000|
188532005|
188583005|
188594009|
188694002|
189549006|
189550006|
189551005|
189552003|
189553008|
189555001|
189562005|
189563000|
189564006|
189566008|
189567004|
189573003|
189575005|
189576006|
189579004|
189582009|
189584005|
189597007|
189602000|
189606002|
189608001|
189617001|
189620009|
189621008|
189625004|
189633003|
189642005|
189646008|
189665000|
189681005|
189684002|
189685001|
189686000|
189687009|
189688004|
189692006|
189693001|
189705006|
189709000|
189710005|
189711009|
189713007|
189715000|
189728007|
189733006|
189734000|
189737007|
189739005|
189743009|
189754004|
189756002|
189757006|
189764008|
189765009|
189768006|
189769003|
189776008|
189777004|
189780003|
189788005|
189790006|
189808004|
189819001|
189820007|
189835008|
189841001|
189843003|
189846006|
189851000|
189856005|
189863005|
189865003|
189875000|
189885004|
189886003|
189887007|
189891002|
189892009|
189899000|
189901009|
189902002|
189904001|
189913004|
189916007|
189920006|
189921005|
189932005|
189935007|
189942007|
189945009|
189947001|
189950003|
189954007|
189960007|
189988001|
189990000|
190020000|
190023003|
190025005|
190026006|
190371008|
190392008|
190563008|
190723005|
190784001|
19103003|
191135007|
19164007|
192150001|
193056003|
193730000|
193754005|
194292002|
195294005|
195346008|
195712009|
195905006|
196733008|
196766007|
196785005|
196793005|
197650009|
197666006|
197740003|
197741004|
197749002|
197915004|
19860001|
198883001|
198884007|
200769008|
201011003|
201178000|
201441006|
20178001|
202202005|
202273001|
202274007|
202902004|
202943004|
203384003|
204244000|
204734003|
204946008|
205259001|
20540005|
205440001|
205486004|
205531003|
205554007|
205628007|
205667001|
205833008|
206299006|
206541009|
208180003|
208191005|
208525002|
208735006|
208736007|
208737003|
208891008|
209568005|
210134007|
21116001|
211872007|
21189004|
211963000|
212241001|
212806006|
212810009|
212811008|
212814000|
212815004|
212874005|
212882005|
213146005|
213225005|
213832007|
21653008|
216552005|
216571007|
216643008|
216646000|
216647009|
216649007|
216673004|
216674005|
21751000|
21757001|
217650001|
217667008|
21781008|
218688002|
21894002|
21931009|
22159008|
222712005|
2233003|
22413001|
22469005|
22902007|
230218008|
230776002|
231993001|
232111002|
232386007|
234518003|
235744005|
236509002|
236510007|
236568008|
236688003|
237248008|
237533003|
237712005|
238433002|
238434008|
238441002|
238464000|
239904001|
239905000|
239909006|
240201007|
240223006|
240454008|
240908005|
24127000|
241768007|
2420007|
242578006|
242579003|
242580000|
242582008|
242583003|
242584009|
242585005|
242586006|
242587002|
242588007|
242591007|
2426001|
242736002|
24448007|
249422007|
25030001|
251025005|
253372007|
253557009|
253558004|
253560002|
253561003|
253950003|
25428005|
254523008|
254524002|
25916009|
26002007|
26129000|
263120008|
263181009|
263182002|
266118003|
266119006|
267046009|
267451005|
267821008|
267915008|
267916009|
267923005|
267925003|
267926002|
267928001|
267929009|
267930004|
267941002|
267946007|
268093000|
268164002|
26847009|
269104009|
269266000|
269294008|
269443004|
269466003|
269503007|
269506004|
269507008|
269569008|
271497002|
271571006|
27221003|
274208001|
274209009|
274220009|
274738006|
275452003|
275464006|
275509000|
275918005|
276499003|
27835006|
27954005|
2801003|
28059000|
281842005|
28216004|
283152000|
283242007|
284578008|
284588009|
28531007|
288272004|
28940000|
28968001|
290114003|
290471008|
290472001|
290473006|
29048002|
290984008|
292330009|
293322003|
293872006|
294861006|
29503008|
296014008|
302944009|
30318007|
30513002|
30577005|
30599002|
307213001|
307503005|
307540002|
308122007|
308130008|
309831004|
31184003|
312602005|
312840005|
312841009|
312842002|
312919005|
314409008|
31829008|
3192005|
32124004|
321900004|
325569000|
33245007|
33275002|
33281005|
33282003|
33799001|
34079006|
34458001|
34660009|
35205000|
35329009|
35731002|
35842002|
35909004|
359735006|
360433005|
360516000|
361139005|
36215000|
363033004|
363060006|
363184000|
363292004|
365157004|
366160003|
367355001|
367418000|
367483003|
370249006|
37045003|
371330000|
371985008|
372967003|
372999009|
373084004|
37432007|
37637007|
38103000|
38498006|
38511004|
38842003|
389061006|
3986000|
399221001|
40089004|
402164002|
402577002|
402960007|
402988001|
403020002|
403046003|
403088007|
403381009|
403413002|
403555009|
403684008|
403997008|
404242004|
404632009|
40509007|
40555009|
406963007|
408661004|
40913006|
41213009|
41273002|
413564005|
414249001|
41426005|
414381007|
41521002|
415600005|
417023008|
417162001|
418300004|
41942005|
419502003|
420212002|
42047004|
42158005|
4222000|
42234000|
422659005|
424370005|
4254009|
425873005|
42854009|
43010008|
43395008|
434002|
44073005|
44195006|
44923005|
45184005|
45421006|
4604008|
46155006|
46237005|
46561002|
46958009|
47230004|
47281009|
47502000|
47797003|
48213003|
50047001|
50185000|
50401001|
50539006|
51049005|
51897007|
52025009|
52049007|
53432004|
54135000|
54198000|
54909000|
55655006|
5593007|
56074007|
56179000|
56228003|
56311003|
56630009|
56800003|
57287000|
57386007|
57455000|
57693002|
57762008|
57807005|
57962000|
58156007|
58193001|
58625003|
59132004|
59185006|
59269006|
59404002|
60535003|
6090008|
60938005|
61141009|
61681003|
62081001|
62126006|
62567006|
63009008|
63079007|
63579004|
63661009|
64333001|
64756007|
65028004|
65380003|
65654008|
65733009|
65753008|
65969006|
65971006|
66126008|
66374004|
67415000|
68018007|
68642007|
68772007|
68875002|
69062005|
69561008|
69627004|
6963001|
69982006|
71052001|
71644003|
73081005|
73424006|
7355002|
73584006|
74263009|
74312006|
74840005|
76121004|
76226003|
76910007|
77185002|
77266009|
77719006|
78431007|
7914007|
7915008|
79450003|
80900001|
80930009|
8094006|
8104000|
81443009|
81455003|
818005|
81983009|
82012008|
82307002|
82580003|
82712004|
82928001|
83493003|
83838002|
83995002|
84115008|
84446000|
84632006|
84646006|
84916005|
8535002|
85536008|
86817004|
87023003|
87213002|
87615004|
88029001|
88055000|
88118003|
88638003|
88855001|
89390009|
89600009|
90330003|
90641006|
90723006|
91248001|
91447008|
91494000|
91588005|
92356004|
92721001|
92931003|
92973006|
93013009|
936009|
93840005|
94760000|
95553004|
95649006|
9714008|
